4.296818923950195312e+01
2.390352249145507812e+01
1.442957687377929688e+01
1.044845199584960938e+01
8.012133598327636719e+00
8.748259544372558594e+00
6.833251953125000000e+00
5.328758716583251953e+00
4.115575313568115234e+00
3.462949037551879883e+00
3.419594526290893555e+00
2.710815906524658203e+00
2.616237640380859375e+00
2.202677488327026367e+00
2.227834939956665039e+00
2.552153348922729492e+00
2.714460849761962891e+00
2.637309312820434570e+00
2.390123605728149414e+00
2.728381156921386719e+00
2.770449876785278320e+00
2.534126758575439453e+00
2.378103733062744141e+00
2.109673738479614258e+00
2.026314020156860352e+00
1.955687284469604492e+00
3.198261976242065430e+00
3.981791257858276367e+00
4.117197036743164062e+00
3.294173955917358398e+00
2.336264133453369141e+00
1.721729993820190430e+00
1.606221318244934082e+00
1.372211337089538574e+00
1.123163461685180664e+00
9.809907674789428711e-01
9.267978072166442871e-01
1.271415114402770996e+00
1.704751133918762207e+00
2.026466846466064453e+00
2.355938673019409180e+00
3.235059738159179688e+00
4.097989082336425781e+00
4.980527877807617188e+00
3.191139698028564453e+00
1.971474766731262207e+00
1.863781213760375977e+00
1.488381505012512207e+00
1.110642552375793457e+00
9.857661724090576172e-01
8.549745678901672363e-01
8.622798323631286621e-01
9.527813792228698730e-01
9.859237670898437500e-01
1.014355182647705078e+00
1.202645182609558105e+00
1.277393817901611328e+00
1.426687479019165039e+00
1.748342275619506836e+00
1.847959637641906738e+00
1.865221619606018066e+00
1.769396424293518066e+00
1.874709129333496094e+00
1.888506650924682617e+00
1.432450890541076660e+00
1.703877091407775879e+00
1.462681889533996582e+00
1.537678360939025879e+00
1.381210684776306152e+00
1.064456224441528320e+00
8.608130216598510742e-01
9.309026598930358887e-01
9.415113329887390137e-01
8.494072556495666504e-01
8.424335718154907227e-01
7.537956833839416504e-01
8.696558475494384766e-01
9.058330059051513672e-01
9.649896621704101562e-01
1.165002346038818359e+00
1.859891772270202637e+00
1.790895223617553711e+00
1.499400734901428223e+00
1.177405595779418945e+00
1.457812666893005371e+00
1.122371673583984375e+00
1.066874027252197266e+00
1.231381893157958984e+00
1.346913456916809082e+00
1.072717428207397461e+00
1.107621669769287109e+00
9.336330890655517578e-01
7.655941247940063477e-01
5.989329814910888672e-01
6.040135025978088379e-01
5.094562768936157227e-01
4.985586702823638916e-01
5.404722690582275391e-01
7.484090328216552734e-01
7.921382188796997070e-01
9.131379127502441406e-01
1.179393053054809570e+00
1.684649586677551270e+00
2.061894893646240234e+00
1.875348448753356934e+00
1.029278755187988281e+00
6.592723131179809570e-01
5.080577135086059570e-01
4.332432746887207031e-01
4.165029227733612061e-01
5.955324769020080566e-01
6.012189984321594238e-01
6.475938558578491211e-01
7.747626304626464844e-01
7.814548611640930176e-01
1.103502750396728516e+00
1.014022231101989746e+00
7.799471616744995117e-01
5.872116684913635254e-01
5.193926692008972168e-01
4.387567937374114990e-01
4.010578691959381104e-01
3.900701105594635010e-01
3.765164017677307129e-01
3.943217992782592773e-01
3.748537600040435791e-01
3.549272119998931885e-01
3.692443370819091797e-01
5.196971297264099121e-01
7.401512861251831055e-01
8.698788285255432129e-01
6.443212032318115234e-01
6.164221167564392090e-01
5.762141942977905273e-01
5.377480387687683105e-01
6.515017747879028320e-01
6.438115239143371582e-01
6.441237330436706543e-01
5.754835605621337891e-01
4.761242270469665527e-01
4.833585619926452637e-01
4.736999571323394775e-01
5.358815789222717285e-01
5.034790635108947754e-01
3.639686703681945801e-01
3.414578437805175781e-01
3.227827250957489014e-01
3.529945313930511475e-01
3.834321796894073486e-01
3.582531809806823730e-01
3.009755015373229980e-01
3.009089529514312744e-01
2.649837136268615723e-01
2.490290850400924683e-01
2.266418039798736572e-01
2.238760143518447876e-01
2.654789090156555176e-01
2.642877101898193359e-01
3.536012470722198486e-01
3.932094871997833252e-01
4.554313123226165771e-01
5.163602232933044434e-01
4.709655940532684326e-01
3.848352730274200439e-01
3.152591884136199951e-01
2.740545272827148438e-01
2.802338004112243652e-01
2.975859344005584717e-01
2.418699115514755249e-01
2.168000191450119019e-01
2.007843255996704102e-01
2.205175012350082397e-01
2.196233421564102173e-01
1.933954954147338867e-01
1.809822469949722290e-01
1.609873622655868530e-01
1.608269363641738892e-01
1.860786080360412598e-01
1.956988722085952759e-01
2.186266034841537476e-01
2.242016047239303589e-01
2.130672037601470947e-01
2.014718502759933472e-01
1.728042215108871460e-01
1.760278195142745972e-01
1.957958787679672241e-01
2.085560709238052368e-01
2.725588381290435791e-01
2.527504563331604004e-01
2.424140274524688721e-01
2.037960141897201538e-01
1.751454770565032959e-01
1.415423899888992310e-01
1.333058029413223267e-01
1.304903030395507812e-01
1.311756074428558350e-01
1.250272691249847412e-01
1.192135959863662720e-01
1.048694700002670288e-01
1.002004891633987427e-01
1.025274246931076050e-01
9.544637799263000488e-02
1.086075976490974426e-01
1.154587566852569580e-01
1.139749214053153992e-01
1.218342855572700500e-01
1.132624521851539612e-01
1.294041723012924194e-01
1.165367811918258667e-01
9.992270171642303467e-02
9.961268305778503418e-02
1.023971587419509888e-01
9.856210649013519287e-02
9.278523176908493042e-02
8.253074437379837036e-02
8.442723751068115234e-02
8.267365396022796631e-02
8.143924176692962646e-02
8.785451948642730713e-02
8.895254135131835938e-02
8.901184052228927612e-02
9.296970069408416748e-02
9.489370137453079224e-02
8.600223809480667114e-02
7.452973723411560059e-02
6.789563596248626709e-02
6.543354690074920654e-02
6.341789662837982178e-02
6.141294538974761963e-02
5.752894654870033264e-02
5.717630684375762939e-02
5.781464651226997375e-02
5.965983122587203979e-02
5.943052098155021667e-02
5.705766379833221436e-02
5.421404913067817688e-02
5.380231514573097229e-02
5.388015508651733398e-02
5.580155178904533386e-02
5.668599158525466919e-02
5.623174831271171570e-02
5.550526082515716553e-02
5.665288865566253662e-02
5.645911023020744324e-02
5.618640407919883728e-02
5.456606671214103699e-02
5.660136789083480835e-02
5.652555450797080994e-02
5.391279980540275574e-02
4.978180304169654846e-02
4.642157256603240967e-02
4.497443139553070068e-02
4.475362598896026611e-02
4.446247965097427368e-02
4.357469826936721802e-02
4.282306134700775146e-02
4.258835688233375549e-02
4.212744534015655518e-02
4.161575436592102051e-02
4.117843881249427795e-02
4.063552245497703552e-02
4.018251225352287292e-02
3.979824483394622803e-02
3.938528895378112793e-02
3.902993723750114441e-02
3.868624940514564514e-02
3.839123249053955078e-02
3.810105845332145691e-02
3.789198026061058044e-02
3.772008419036865234e-02
3.735893592238426208e-02
3.712772578001022339e-02
3.700463101267814636e-02
3.686328604817390442e-02
3.677647188305854797e-02
3.667333349585533142e-02
3.671904280781745911e-02
3.665153309702873230e-02
3.671145811676979065e-02
3.673302009701728821e-02
3.689841926097869873e-02
3.702474385499954224e-02
3.714699670672416687e-02
3.733462467789649963e-02
3.751907870173454285e-02
3.752880915999412537e-02
3.724470734596252441e-02
3.681495040655136108e-02
3.631803020834922791e-02
3.583885729312896729e-02
3.541074320673942566e-02
3.506061434745788574e-02
3.476966172456741333e-02
3.455096483230590820e-02
3.437327221035957336e-02
3.422692790627479553e-02
3.412835672497749329e-02
3.405741229653358459e-02
3.400825709104537964e-02
3.398107737302780151e-02
