4.031735992431640625e+01
2.594446182250976562e+01
1.583004283905029297e+01
1.013305282592773438e+01
9.590083122253417969e+00
7.386853694915771484e+00
5.888420104980468750e+00
7.119481086730957031e+00
1.115882205963134766e+01
7.030811309814453125e+00
4.162335395812988281e+00
3.205273389816284180e+00
2.736760854721069336e+00
2.459478378295898438e+00
2.091768741607666016e+00
2.129939079284667969e+00
2.012183189392089844e+00
2.258801460266113281e+00
1.062012004852294922e+01
7.465751171112060547e+00
6.600473403930664062e+00
4.621123790740966797e+00
3.411758184432983398e+00
3.679523706436157227e+00
2.757459402084350586e+00
2.606959581375122070e+00
2.913359165191650391e+00
2.731775045394897461e+00
2.658640384674072266e+00
1.994223475456237793e+00
2.391888856887817383e+00
3.974417448043823242e+00
4.507771968841552734e+00
2.879866838455200195e+00
3.436255216598510742e+00
3.189625978469848633e+00
3.976836919784545898e+00
3.581760883331298828e+00
3.136742591857910156e+00
2.197829246520996094e+00
2.446117877960205078e+00
2.309996366500854492e+00
2.277303695678710938e+00
2.323943853378295898e+00
1.860335469245910645e+00
1.477247714996337891e+00
1.707820653915405273e+00
1.928616166114807129e+00
2.269387483596801758e+00
2.205945014953613281e+00
2.045768976211547852e+00
2.465836763381958008e+00
8.034554481506347656e+00
6.251228809356689453e+00
4.407538414001464844e+00
2.471161842346191406e+00
1.510446906089782715e+00
1.135864377021789551e+00
8.169298768043518066e-01
7.748404741287231445e-01
7.677453160285949707e-01
6.235804557800292969e-01
6.448939442634582520e-01
8.467049002647399902e-01
1.577058553695678711e+00
1.723414182662963867e+00
2.550053119659423828e+00
3.330675125122070312e+00
2.883522033691406250e+00
2.293830394744873047e+00
2.253914833068847656e+00
2.104234933853149414e+00
1.753391146659851074e+00
2.059687137603759766e+00
1.435792088508605957e+00
1.557941794395446777e+00
2.057020902633666992e+00
1.360088586807250977e+00
2.103993654251098633e+00
2.755285263061523438e+00
2.187914133071899414e+00
2.019651174545288086e+00
1.397982358932495117e+00
1.419692993164062500e+00
1.306243181228637695e+00
1.290325999259948730e+00
1.447323203086853027e+00
1.340417027473449707e+00
1.242476105690002441e+00
1.096498489379882812e+00
1.262033343315124512e+00
1.188496828079223633e+00
1.447943687438964844e+00
1.327472567558288574e+00
1.497134804725646973e+00
1.201914906501770020e+00
1.430275797843933105e+00
1.627246022224426270e+00
1.440425038337707520e+00
1.080892801284790039e+00
1.016691446304321289e+00
8.826914429664611816e-01
8.284417986869812012e-01
1.720610499382019043e+00
2.195895195007324219e+00
1.632190108299255371e+00
1.313628077507019043e+00
1.184188961982727051e+00
1.145231962203979492e+00
1.081179618835449219e+00
9.969002604484558105e-01
7.970473170280456543e-01
1.265528559684753418e+00
1.218346238136291504e+00
1.146774768829345703e+00
8.384872674942016602e-01
8.357949852943420410e-01
7.603819966316223145e-01
6.598976850509643555e-01
5.495567321777343750e-01
5.849584937095642090e-01
5.211729407310485840e-01
4.951252937316894531e-01
6.296529173851013184e-01
8.100027441978454590e-01
1.285211801528930664e+00
1.396351814270019531e+00
1.053950786590576172e+00
9.747223258018493652e-01
1.046323299407958984e+00
9.630299210548400879e-01
7.521624565124511719e-01
7.129299640655517578e-01
5.294882059097290039e-01
4.292256236076354980e-01
4.987674653530120850e-01
5.725187659263610840e-01
4.871502220630645752e-01
6.931473016738891602e-01
8.706864714622497559e-01
8.314988613128662109e-01
7.505627870559692383e-01
8.468096256256103516e-01
8.434868454933166504e-01
6.745649576187133789e-01
5.955848693847656250e-01
6.165210604667663574e-01
5.631541609764099121e-01
4.901907145977020264e-01
3.689988851547241211e-01
3.422446846961975098e-01
4.366785585880279541e-01
4.055980145931243896e-01
4.619996547698974609e-01
4.651130139827728271e-01
5.469198822975158691e-01
5.365031957626342773e-01
5.396792292594909668e-01
4.653430879116058350e-01
6.223360300064086914e-01
5.495559573173522949e-01
6.568628549575805664e-01
4.733909368515014648e-01
4.578496217727661133e-01
5.710796713829040527e-01
5.378567576408386230e-01
4.249624907970428467e-01
3.783734738826751709e-01
3.078011274337768555e-01
3.018403351306915283e-01
3.033169507980346680e-01
2.963363826274871826e-01
2.790030539035797119e-01
2.935202121734619141e-01
2.916971743106842041e-01
2.902310490608215332e-01
2.817851006984710693e-01
2.800391316413879395e-01
3.889148831367492676e-01
3.469183444976806641e-01
4.489992260932922363e-01
4.161139726638793945e-01
3.535152971744537354e-01
3.261752724647521973e-01
3.160448670387268066e-01
2.570288181304931641e-01
2.039425969123840332e-01
2.272739261388778687e-01
2.303878366947174072e-01
2.038559168577194214e-01
1.703967154026031494e-01
1.561555117368698120e-01
1.479897052049636841e-01
1.318809688091278076e-01
1.261958181858062744e-01
1.342873871326446533e-01
1.291601955890655518e-01
1.313099563121795654e-01
1.419956535100936890e-01
1.632991731166839600e-01
1.926142722368240356e-01
1.909109354019165039e-01
2.121221274137496948e-01
2.394885271787643433e-01
2.537165880203247070e-01
2.579242587089538574e-01
2.098101824522018433e-01
1.640238463878631592e-01
1.374569535255432129e-01
1.178544536232948303e-01
1.126111149787902832e-01
1.025063246488571167e-01
9.297995269298553467e-02
8.730340749025344849e-02
8.193627744913101196e-02
8.185276389122009277e-02
7.685621082782745361e-02
7.809623330831527710e-02
7.551316171884536743e-02
7.524247467517852783e-02
7.649753987789154053e-02
7.783307135105133057e-02
8.759988844394683838e-02
1.045253574848175049e-01
1.299494951963424683e-01
1.297547072172164917e-01
1.273773461580276489e-01
1.167975962162017822e-01
1.034670993685722351e-01
8.716934919357299805e-02
8.055312186479568481e-02
7.954946160316467285e-02
8.010017871856689453e-02
6.962803751230239868e-02
6.277421116828918457e-02
6.030339002609252930e-02
5.942584946751594543e-02
5.732778459787368774e-02
5.895488709211349487e-02
5.787511169910430908e-02
5.690418928861618042e-02
5.633645877242088318e-02
5.652808770537376404e-02
5.584596842527389526e-02
5.557452514767646790e-02
5.515572056174278259e-02
5.441727861762046814e-02
5.376371741294860840e-02
5.498343333601951599e-02
5.642621964216232300e-02
5.781814083456993103e-02
5.632361769676208496e-02
5.673490464687347412e-02
5.737684667110443115e-02
5.614463984966278076e-02
5.424647778272628784e-02
5.264156311750411987e-02
5.363994091749191284e-02
5.281671136617660522e-02
5.259596928954124451e-02
5.252327397465705872e-02
5.227262899279594421e-02
5.245774611830711365e-02
5.256770551204681396e-02
5.219007283449172974e-02
5.106996372342109680e-02
5.026336386799812317e-02
4.964579641819000244e-02
4.907871037721633911e-02
4.838045686483383179e-02
4.781634733080863953e-02
4.742848500609397888e-02
4.698419943451881409e-02
4.662420973181724548e-02
4.618289321660995483e-02
4.586031660437583923e-02
4.560155794024467468e-02
4.531991854310035706e-02
4.519544914364814758e-02
4.501564428210258484e-02
4.483182355761528015e-02
4.465068504214286804e-02
4.444916173815727234e-02
4.423591867089271545e-02
4.395017027854919434e-02
4.352898895740509033e-02
4.306304827332496643e-02
4.259705170989036560e-02
4.197126999497413635e-02
4.134342446923255920e-02
4.081952199339866638e-02
4.038832709193229675e-02
4.003860056400299072e-02
3.975174203515052795e-02
3.953049331903457642e-02
3.935282304883003235e-02
3.922598809003829956e-02
3.913117572665214539e-02
3.905389457941055298e-02
3.900247439742088318e-02
