2.901700782775878906e+01
1.682124137878417969e+01
1.036592769622802734e+01
8.001832008361816406e+00
6.550694465637207031e+00
5.256708145141601562e+00
5.928866863250732422e+00
4.996979236602783203e+00
4.976088523864746094e+00
3.263156414031982422e+00
2.681307077407836914e+00
2.340029954910278320e+00
2.330355405807495117e+00
2.482511043548583984e+00
3.403747558593750000e+00
3.850206613540649414e+00
3.807230472564697266e+00
2.967034339904785156e+00
2.527694702148437500e+00
2.243228197097778320e+00
1.568030834197998047e+00
1.849491477012634277e+00
1.948809504508972168e+00
4.121781826019287109e+00
4.042605876922607422e+00
3.854317903518676758e+00
2.814850807189941406e+00
2.625184059143066406e+00
2.324716567993164062e+00
2.552362442016601562e+00
3.255965709686279297e+00
3.248312234878540039e+00
2.975276470184326172e+00
2.550668954849243164e+00
1.885032653808593750e+00
1.917825222015380859e+00
1.601147413253784180e+00
1.468135833740234375e+00
2.994724273681640625e+00
2.989187479019165039e+00
3.679589033126831055e+00
2.398813962936401367e+00
2.066788911819458008e+00
2.125290632247924805e+00
3.222006082534790039e+00
4.303606510162353516e+00
2.447929620742797852e+00
1.691997528076171875e+00
9.159566760063171387e-01
7.512511014938354492e-01
6.111893653869628906e-01
6.216732859611511230e-01
5.175071358680725098e-01
4.838038682937622070e-01
6.035372614860534668e-01
7.133819460868835449e-01
1.109474420547485352e+00
1.500208139419555664e+00
1.791401147842407227e+00
1.951500654220581055e+00
1.935545921325683594e+00
2.304227352142333984e+00
2.763165950775146484e+00
3.685527086257934570e+00
3.128896713256835938e+00
3.008619070053100586e+00
2.099149942398071289e+00
1.636271476745605469e+00
1.055837392807006836e+00
7.846845388412475586e-01
5.682614445686340332e-01
5.728302001953125000e-01
5.421732664108276367e-01
5.215281248092651367e-01
6.699158549308776855e-01
8.231139183044433594e-01
1.202056527137756348e+00
1.562705159187316895e+00
2.253739118576049805e+00
1.896136760711669922e+00
1.846687436103820801e+00
1.691281557083129883e+00
1.482181310653686523e+00
1.420166373252868652e+00
1.178223490715026855e+00
9.718760848045349121e-01
1.112910032272338867e+00
1.138343691825866699e+00
1.043660759925842285e+00
9.690210819244384766e-01
1.130571484565734863e+00
1.474542260169982910e+00
1.763657808303833008e+00
1.652646303176879883e+00
1.152150750160217285e+00
1.067559957504272461e+00
1.117251634597778320e+00
9.347234368324279785e-01
1.105035901069641113e+00
9.353954195976257324e-01
8.040279150009155273e-01
9.454108476638793945e-01
8.919452428817749023e-01
1.076368331909179688e+00
8.428652882575988770e-01
8.352516293525695801e-01
1.019621610641479492e+00
1.126672625541687012e+00
1.367566108703613281e+00
1.315625667572021484e+00
1.058232426643371582e+00
8.985412716865539551e-01
7.876364588737487793e-01
8.386752009391784668e-01
1.031689882278442383e+00
8.408698439598083496e-01
8.158265352249145508e-01
1.110397100448608398e+00
9.365824460983276367e-01
1.114446401596069336e+00
1.345035672187805176e+00
1.193989515304565430e+00
1.266972780227661133e+00
1.317725062370300293e+00
1.080326199531555176e+00
7.595265507698059082e-01
6.540426015853881836e-01
5.805615186691284180e-01
6.354733109474182129e-01
6.502485275268554688e-01
6.954650878906250000e-01
7.435527443885803223e-01
7.548779845237731934e-01
6.614157557487487793e-01
6.963375210762023926e-01
8.754549026489257812e-01
7.948466539382934570e-01
8.066405057907104492e-01
5.568023920059204102e-01
4.508533179759979248e-01
4.953451454639434814e-01
4.176554381847381592e-01
4.078209102153778076e-01
4.750083088874816895e-01
5.431077480316162109e-01
5.348624587059020996e-01
6.951456665992736816e-01
6.810069084167480469e-01
4.943763017654418945e-01
5.073296427726745605e-01
4.222706854343414307e-01
4.170599281787872314e-01
4.022108316421508789e-01
4.384453892707824707e-01
4.898403882980346680e-01
5.039238333702087402e-01
4.845856726169586182e-01
5.129120945930480957e-01
5.042227506637573242e-01
5.046526193618774414e-01
5.284335017204284668e-01
6.307450532913208008e-01
5.368188619613647461e-01
5.837850570678710938e-01
5.754544138908386230e-01
5.443215370178222656e-01
5.239491462707519531e-01
5.091004967689514160e-01
4.768070578575134277e-01
5.373685359954833984e-01
6.236906647682189941e-01
4.856256842613220215e-01
3.967732191085815430e-01
3.659065365791320801e-01
2.722817659378051758e-01
2.585887014865875244e-01
2.302230149507522583e-01
2.225339561700820923e-01
2.151972353458404541e-01
2.234115153551101685e-01
2.149858176708221436e-01
2.671450674533843994e-01
2.900725901126861572e-01
2.501150071620941162e-01
2.435945570468902588e-01
2.602302730083465576e-01
2.507703900337219238e-01
2.245733141899108887e-01
1.970561444759368896e-01
1.887114495038986206e-01
1.959083676338195801e-01
1.691138893365859985e-01
1.457327157258987427e-01
1.615044921636581421e-01
1.602280288934707642e-01
1.751946806907653809e-01
1.749793738126754761e-01
1.824445128440856934e-01
1.903644800186157227e-01
2.125984430313110352e-01
2.646866142749786377e-01
2.313515990972518921e-01
2.187229692935943604e-01
2.023350894451141357e-01
1.992408037185668945e-01
1.964918971061706543e-01
1.882014572620391846e-01
1.708288341760635376e-01
1.452846676111221313e-01
1.224952712655067444e-01
1.036692112684249878e-01
9.860265254974365234e-02
9.513736516237258911e-02
9.784430265426635742e-02
1.002834215760231018e-01
9.835604578256607056e-02
9.957107156515121460e-02
9.866254776716232300e-02
1.000756025314331055e-01
1.002832576632499695e-01
1.032496690750122070e-01
9.708509594202041626e-02
9.712043404579162598e-02
1.029065698385238647e-01
1.133080050349235535e-01
1.181725114583969116e-01
1.168456152081489563e-01
1.137475669384002686e-01
1.049942746758460999e-01
8.689779788255691528e-02
7.827255874872207642e-02
7.473275065422058105e-02
7.274392992258071899e-02
7.117690145969390869e-02
7.306177914142608643e-02
7.185319811105728149e-02
6.773656606674194336e-02
6.458203494548797607e-02
6.121915951371192932e-02
5.923200771212577820e-02
5.756972357630729675e-02
5.760945007205009460e-02
5.929275229573249817e-02
5.814885348081588745e-02
5.650434270501136780e-02
5.435109883546829224e-02
5.286723002791404724e-02
5.186856538057327271e-02
5.042987689375877380e-02
4.942298680543899536e-02
4.744834080338478088e-02
4.498075321316719055e-02
4.203131049871444702e-02
3.977372124791145325e-02
3.785590082406997681e-02
3.659045696258544922e-02
3.606546670198440552e-02
3.558997437357902527e-02
3.490076214075088501e-02
3.417971357703208923e-02
3.362330794334411621e-02
3.324671834707260132e-02
3.295790404081344604e-02
3.283390402793884277e-02
3.259006887674331665e-02
3.248134255409240723e-02
3.238647058606147766e-02
3.237860277295112610e-02
3.247074410319328308e-02
3.263786062598228455e-02
3.293814882636070251e-02
3.335513919591903687e-02
3.395307064056396484e-02
3.464568033814430237e-02
3.510459512472152710e-02
3.537995740771293640e-02
3.579250350594520569e-02
3.621470928192138672e-02
3.609765693545341492e-02
3.567570075392723083e-02
3.528262674808502197e-02
3.451211750507354736e-02
3.376116976141929626e-02
3.289387747645378113e-02
3.187556937336921692e-02
3.088046982884407043e-02
3.012564033269882202e-02
2.944424748420715332e-02
2.881378494203090668e-02
2.828195318579673767e-02
2.786180749535560608e-02
2.749056555330753326e-02
2.719258703291416168e-02
2.696227841079235077e-02
2.677566371858119965e-02
2.663365006446838379e-02
2.651743404567241669e-02
2.644394338130950928e-02
2.637186832726001740e-02
2.634034678339958191e-02
